{
  "advancedEditorSelectedIdentifier" : "ProjectBrowser",
  "openSceneRelativePaths" : [
    "Sources\/jetscene\/jetscene.rkassets\/Scene.usda",
    "Scene1.usda",
    "test.usda",
    "Scene2.usda",
    "Scene3.usda"
  ],
  "recentIdentifiers" : {

  },
  "sceneCameraHistory" : {
    "482F535F-61AD-4B3E-9224-B02B7D8FF104" : [
      {
        "date" : 746697343.629026,
        "title" : "Untitled",
        "transform" : [
          0.7778031,
          0.000115128285,
          -0.6285081,
          0,
          -0.2962593,
          0.88200337,
          -0.36647072,
          0,
          0.55430406,
          0.4712434,
          0.6860588,
          0,
          0.4615268,
          0.85798067,
          0.34868795,
          1
        ]
      },
      {
        "date" : 746694051.407742,
        "title" : "Untitled",
        "transform" : [
          0.09271307,
          0.000115125506,
          -0.99569297,
          0,
          -0.5118646,
          0.8577484,
          -0.047562566,
          0,
          0.8540485,
          0.5140697,
          0.07958323,
          0,
          1.2030553,
          0.92019165,
          -0.36823624,
          1
        ]
      },
      {
        "date" : 746694040.780637,
        "title" : "Untitled",
        "transform" : [
          0.7682665,
          0.00011512473,
          -0.6401303,
          0,
          -0.4071896,
          0.77169096,
          -0.4885587,
          0,
          0.49392664,
          0.6359976,
          0.59291106,
          0,
          0.6565592,
          1.0271943,
          -0.0390414,
          1
        ]
      },
      {
        "date" : 746694020.767321,
        "title" : "Untitled",
        "transform" : [
          0.73577565,
          0.000115132476,
          -0.67722553,
          0,
          -0.32103774,
          0.88055813,
          -0.3486436,
          0,
          0.59629637,
          0.47393835,
          0.64793,
          0,
          0.7779895,
          0.8842249,
          0.045025945,
          1
        ]
      },
      {
        "date" : 746693815.069351,
        "title" : "Untitled",
        "transform" : [
          0.68249434,
          0.0001151279,
          -0.730891,
          0,
          -0.27873933,
          0.9244637,
          -0.2601367,
          0,
          0.6756523,
          0.3812699,
          0.6309733,
          0,
          0.89761263,
          0.74394053,
          0.018844128,
          1
        ]
      },
      {
        "date" : 746693797.877536,
        "title" : "Untitled",
        "transform" : [
          0.92768276,
          0.00011513139,
          -0.3733692,
          0,
          -0.19001469,
          0.8609599,
          -0.47184992,
          0,
          0.3214017,
          0.5086728,
          0.79871964,
          0,
          0.35370675,
          0.87605065,
          -0.06467211,
          1
        ]
      },
      {
        "date" : 746693793.777755,
        "title" : "Untitled",
        "transform" : [
          0.52576846,
          0.00011513296,
          -0.85062766,
          0,
          -0.39318866,
          0.88679105,
          -0.2429078,
          0,
          0.7543012,
          0.46217048,
          0.46629205,
          0,
          0.86401904,
          0.822077,
          -0.44117635,
          1
        ]
      },
      {
        "date" : 746693790.193186,
        "title" : "Untitled",
        "transform" : [
          0.52576846,
          0.00011513296,
          -0.85062766,
          0,
          -0.39318866,
          0.88679105,
          -0.2429078,
          0,
          0.7543012,
          0.46217048,
          0.46629205,
          0,
          2.5919638,
          1.8592104,
          0.6763729,
          1
        ]
      },
      {
        "date" : 746693788.715784,
        "title" : "Untitled",
        "transform" : [
          0.5257685,
          0.000115200055,
          -0.8506276,
          0,
          -0.37345132,
          0.8985035,
          -0.2307067,
          0,
          0.76426524,
          0.43896636,
          0.4724479,
          0,
          1.0158051,
          0.5335536,
          -0.8087227,
          1
        ]
      },
      {
        "date" : 746693715.60644,
        "title" : "Untitled",
        "transform" : [
          0.5257685,
          0.000115200055,
          -0.8506276,
          0,
          -0.37345132,
          0.8985035,
          -0.2307067,
          0,
          0.76426524,
          0.43896636,
          0.4724479,
          0,
          1.7860184,
          1.0553885,
          -0.027078032,
          1
        ]
      }
    ],
    "A647BEF6-113D-44EC-9731-6939652A2B29" : [
      {
        "date" : 746692283.999852,
        "title" : "Untitled",
        "transform" : [
          0.48188007,
          4.3214077e-09,
          -0.8762371,
          0,
          -0.3439547,
          0.9197366,
          -0.18915524,
          0,
          0.8059073,
          0.39253613,
          0.44320273,
          0,
          2.1999454,
          1.0672076,
          1.0877697,
          1
        ]
      },
      {
        "date" : 746692279.747943,
        "title" : "Untitled",
        "transform" : [
          0.83477885,
          2.6694211e-09,
          -0.5505853,
          0,
          -0.23429507,
          0.9049406,
          -0.3552301,
          0,
          0.49824697,
          0.4255381,
          0.75542516,
          0,
          0.725017,
          1.1812586,
          1.7868729,
          1
        ]
      },
      {
        "date" : 746692274.376755,
        "title" : "Untitled",
        "transform" : [
          0.19063048,
          2.2482296e-09,
          -0.981662,
          0,
          -0.6311237,
          0.7659389,
          -0.12255881,
          0,
          0.7518929,
          0.64291364,
          0.14601122,
          0,
          2.540108,
          1.9557008,
          0.22566342,
          1
        ]
      },
      {
        "date" : 746679978.413177,
        "title" : "Untitled",
        "transform" : [
          0.91073227,
          5.1004916e-09,
          -0.41299736,
          0,
          -0.17561096,
          0.90509444,
          -0.38725302,
          0,
          0.37380162,
          0.42521077,
          0.8242986,
          0,
          0.20132467,
          1.1801233,
          1.858861,
          1
        ]
      },
      {
        "date" : 746679858.622703,
        "title" : "Untitled",
        "transform" : [
          0.6079079,
          2.8529712e-09,
          -0.7940077,
          0,
          -0.2926768,
          0.92958534,
          -0.22407904,
          0,
          0.7380978,
          0.36860713,
          0.56510216,
          0,
          1.8012699,
          0.98500305,
          1.3984047,
          1
        ]
      },
      {
        "date" : 746679850.539711,
        "title" : "Untitled",
        "transform" : [
          0.9967155,
          -7.963185e-11,
          0.08098357,
          0,
          0.049466413,
          0.79176915,
          -0.60881406,
          0,
          -0.0641203,
          0.6108205,
          0.7891685,
          0,
          -0.16144466,
          1.5842043,
          2.0019042,
          1
        ]
      }
    ],
    "D5227876-13C0-4892-8E86-943C50327D0A" : [
      {
        "date" : 746683885.851315,
        "title" : "Untitled",
        "transform" : [
          0.9998969,
          1.4611466e-08,
          -0.01436735,
          0,
          -0.0053783916,
          0.92728853,
          -0.37430856,
          0,
          0.0133226765,
          0.37434727,
          0.92719287,
          0,
          0.18936461,
          0.40805084,
          -0.1318909,
          1
        ]
      },
      {
        "date" : 746683883.030649,
        "title" : "Untitled",
        "transform" : [
          0.99991447,
          1.46159325e-08,
          0.01308467,
          0,
          0.0051009627,
          0.920881,
          -0.38981044,
          0,
          -0.012049426,
          0.3898439,
          0.9208023,
          0,
          0.16564958,
          0.4225342,
          -0.14073479,
          1
        ]
      },
      {
        "date" : 746683879.049418,
        "title" : "Untitled",
        "transform" : [
          0.99712116,
          1.3133543e-08,
          -0.07582409,
          0,
          -0.029967751,
          0.9185836,
          -0.39408916,
          0,
          0.06965062,
          0.39522696,
          0.9159392,
          0,
          0.40118814,
          0.5196476,
          0.10570085,
          1
        ]
      },
      {
        "date" : 746683875.035804,
        "title" : "Untitled",
        "transform" : [
          0.97029215,
          1.20105454e-08,
          -0.24193618,
          0,
          -0.16590811,
          0.7278358,
          -0.6653793,
          0,
          0.17608966,
          0.68575144,
          0.70621336,
          0,
          0.5389066,
          0.87632924,
          -0.10818571,
          1
        ]
      },
      {
        "date" : 746683594.958823,
        "title" : "Untitled",
        "transform" : [
          0.807603,
          1.26604665e-08,
          -0.5897265,
          0,
          -0.19671741,
          0.9427238,
          -0.26939538,
          0,
          0.5559492,
          0.33357397,
          0.76134676,
          0,
          0.9871253,
          0.44556078,
          -0.07582778,
          1
        ]
      },
      {
        "date" : 746681649.569897,
        "title" : "Untitled",
        "transform" : [
          0.9293702,
          9.409331e-09,
          0.36914912,
          0,
          0.15434694,
          0.9083939,
          -0.38858387,
          0,
          -0.335333,
          0.41811526,
          0.8442343,
          0,
          -0.086609796,
          0.54727256,
          0.012621403,
          1
        ]
      },
      {
        "date" : 746680784.627429,
        "title" : "Untitled",
        "transform" : [
          0.97069913,
          4.3285846e-09,
          -0.24029823,
          0,
          -0.06808087,
          0.95902586,
          -0.27501696,
          0,
          0.23045212,
          0.2833184,
          0.93092567,
          0,
          0.48433685,
          0.41388556,
          -0.0649724,
          1
        ]
      },
      {
        "date" : 746680247.03453,
        "title" : "Untitled",
        "transform" : [
          0.8689826,
          4.8714535e-09,
          -0.49484235,
          0,
          -0.22535597,
          0.890282,
          -0.39574316,
          0,
          0.44054922,
          0.45540965,
          0.7736398,
          0,
          0.7006244,
          0.58333254,
          -0.1962713,
          1
        ]
      },
      {
        "date" : 746680176.712283,
        "title" : "Untitled",
        "transform" : [
          0.83814406,
          3.787541e-09,
          -0.54544884,
          0,
          -0.33878046,
          0.7837282,
          -0.5205746,
          0,
          0.42748365,
          0.62110394,
          0.6568772,
          0,
          0.68962574,
          0.77981424,
          -0.32735354,
          1
        ]
      },
      {
        "date" : 746532022.408531,
        "title" : "Untitled",
        "transform" : [
          1,
          0,
          0,
          0,
          0,
          0.7071069,
          -0.7071067,
          0,
          0,
          0.7071067,
          0.7071069,
          0,
          0.2111116,
          0.8837225,
          -0.13870794,
          1
        ]
      }
    ],
    "E7A8BC21-4BCF-4E4C-B883-8FE886B620BA" : [
      {
        "date" : 746530134.847816,
        "title" : "Untitled",
        "transform" : [
          0.9456859,
          5.1129835e-08,
          -0.32508168,
          0,
          -0.15484545,
          0.8792678,
          -0.45045638,
          0,
          0.28583387,
          0.47632766,
          0.83151126,
          0,
          1851.0168,
          1073.4559,
          2111.7485,
          1
        ]
      },
      {
        "date" : 746530030.810891,
        "title" : "Untitled",
        "transform" : [
          0.9456859,
          5.1129835e-08,
          -0.32508168,
          0,
          -0.15484545,
          0.8792678,
          -0.45045638,
          0,
          0.28583387,
          0.47632766,
          0.83151126,
          0,
          1454.8176,
          412.16425,
          957.05994,
          1
        ]
      },
      {
        "date" : 746526919.517581,
        "title" : "Untitled",
        "transform" : [
          0.9456859,
          5.1129835e-08,
          -0.32508168,
          0,
          -0.15484545,
          0.8792678,
          -0.45045638,
          0,
          0.28583387,
          0.47632766,
          0.83151126,
          0,
          1384.7249,
          317.1018,
          736.32153,
          1
        ]
      },
      {
        "date" : 746526912.733941,
        "title" : "Untitled",
        "transform" : [
          0.9456859,
          5.1129835e-08,
          -0.32508168,
          0,
          -0.15484545,
          0.8792678,
          -0.45045638,
          0,
          0.28583387,
          0.47632766,
          0.83151126,
          0,
          1287.4829,
          185.21835,
          430.08353,
          1
        ]
      },
      {
        "date" : 746526900.834902,
        "title" : "Untitled",
        "transform" : [
          0.9456859,
          5.1129835e-08,
          -0.32508168,
          0,
          -0.15484545,
          0.8792678,
          -0.45045638,
          0,
          0.28583387,
          0.47632766,
          0.83151126,
          0,
          733.6427,
          181.33401,
          419.26358,
          1
        ]
      },
      {
        "date" : 746526889.878763,
        "title" : "Untitled",
        "transform" : [
          0.9456859,
          4.3679254e-08,
          -0.32508168,
          0,
          -0.15484543,
          0.8792678,
          -0.45045638,
          0,
          0.28583387,
          0.47632766,
          0.83151126,
          0,
          83.74115,
          181.33406,
          419.26355,
          1
        ]
      },
      {
        "date" : 746526887.698465,
        "title" : "Untitled",
        "transform" : [
          0.945686,
          4.738388e-08,
          -0.32508168,
          0,
          -0.15484542,
          0.8792678,
          -0.45045638,
          0,
          0.28583384,
          0.4763277,
          0.8315113,
          0,
          731.024,
          203.76678,
          436.30057,
          1
        ]
      },
      {
        "date" : 746526875.671631,
        "title" : "Untitled",
        "transform" : [
          0.8962326,
          4.582079e-08,
          -0.4435844,
          0,
          -0.2418824,
          0.8382471,
          -0.48870713,
          0,
          0.37183335,
          0.5452905,
          0.75126445,
          0,
          778.39014,
          238.30609,
          406.39984,
          1
        ]
      },
      {
        "date" : 746526848.300756,
        "title" : "Untitled",
        "transform" : [
          0.8962326,
          2.9315547e-08,
          -0.44358444,
          0,
          -0.24188241,
          0.8382472,
          -0.48870713,
          0,
          0.37183338,
          0.5452905,
          0.75126445,
          0,
          -457.14502,
          256.51587,
          445.0274,
          1
        ]
      },
      {
        "date" : 746526842.885233,
        "title" : "Untitled",
        "transform" : [
          0.89623255,
          1.7231015e-08,
          -0.44358447,
          0,
          -0.24188249,
          0.8382472,
          -0.48870718,
          0,
          0.37183338,
          0.54529065,
          0.7512643,
          0,
          1467.3938,
          396.3002,
          693.97723,
          1
        ]
      }
    ]
  },
  "sceneViewportBackgroundColors" : {

  },
  "selectedSceneRelativePath" : "Scene3.usda"
}